version https://git-lfs.github.com/spec/v1
oid sha256:7b25453885ad078d6aa18b58d9928dd15270e3d559e062739ba559a79794f2b5
size 416831
