version https://git-lfs.github.com/spec/v1
oid sha256:07af50ec5cd3722fed371ee9ff9cafa16a8e7342702b44f26727b917935f6132
size 135310
