version https://git-lfs.github.com/spec/v1
oid sha256:ee34df56aef5ceaeee073c710da4a98b2c8bec4fc68a90b97991a81d0fdfdb04
size 46705
